27890387149
26683010050
26681987360
26691228971
26701323445
26703742688
26705140027
27050335498
27267866103
27462959111
27462959116
27681779245
27713301881
27713302533
27742088958
27050373210
27461742607
27770874340
27770875780
27463534780
27770876069
27770872447
27770875013
27464774670
27466590485
27719289608
27770876574
27770877043
27770879071
27770873937
27770879331
27770879635
27770874689
27772652961
27770878233
27788646440
27789403657
27789403665
27789808457
27789920723
27790001583
27770877503
27770878006
27770878473
27789684975
27790180770
27773293126
27790184551
27789875973
27790265626
27889462198
27889471226
27889471239
27889463486
27889471229
27889463593
27889478455
27890549458
27888339373
27896147974
27894456972
27894457318
27894457395
27890605255
27889421464
27894456632
27894457474
27896409336
27890701272
27894457935
27894458486
27894458497
27894458578
27894458011
27894458500
27894458689
27894459187
27894459189
27896178927
27890392548
27894459638
27894464035
27894464040
27894457812
27894464421
27894464574
27894465675
27894465679
27894464135
27894465689
27894466877
27894466994
27894464504
27894465686
27894468305
27894465454
27894465564
27894468927
27894467400
27881938126
27892661310
27890937722
27790321105
27891347978
27892520789
27890943597
27890887312
27891797813
27889490865
27889493553
27889493541
27889493549
27889493543
27890717456
27713071720
27889506462
27889471232
27889506451
27889506458
27889469261
27889506467
27889210349
27889271107
27889276135
27896099670
27892953445
27890964851
27889227546
27892703642
27890946287
27891622436
27890893704
27895370080
27896655759
27895572623
27889648178
27889227173
27889575167
27889271241
27889648035
27889825942
27890405105
27893439861
27890964844
27889979583
27889287568
27889276123
27889943423
27890789984
27894530428
27893383329
27889871529
27893106114
27889958393
27891622458
27893282177
27889825676
27893105975
27895646467
27893383137
27889613431
27889233530
27894181599
27890708392
27889227351
27889233308
27889322755
27889271102
27889528575
27811969892
27811994433
27811969885
27891727148
27913800592
27906411385
27903553854
27903538143
27903524368
27914669640
27914544903
27914222263
27914037654
27914027584
27919846078
27826968901
27917652393
27913798994
27917638279
27916545034
27916545435
27916544823
27916544814
27916545040
27916545048
27916545055
27916545027
27921573933
27921393275
27920293759
27921717593
27917607718
27913701749
27588420219
27609713368
27694669679
27694896769
27698266318
27698838682
27714921816
27891412666
27893800627
27898658091
27916373867
27919009891
27902178676
27917408416
27917853942
27921316356
27912256162
27904451128
27918661774
27918536318
27911444618
27920296527
27917657269
27921771694
27840729797
27803351874
27837364044
27868635356
27871226404
27877302160
27916561120
27916577860
27920399479
27920885924
27713071772
27602666837
26187258554
27921228299
27916072291
27707416658
27707415954
27707415584
27914916230
27921262115
27919525423
27916588670
27916588663
27916588674
27914132151
27920998760
27914222546
27914231120
27914249450
27914274261
27766259656
27766260346
27766260536
27803351758
27812125083
27837245709
27845052666
27845052911
27855985444
27858106035
27867079082
27916698982
27916710398
27916696446
27916660534
27916696424
27916698973
27916696438
27916710400
27916696451
27916703747
27916698967
27919264257
27919353972
27786591965
27753648178
27716295571
21364891388
27919992351
27917311591
27921955154
27914831846
27914487812
26655428699
25691177590
27919068778
27915249741
27920270056
27972757912
27900697391
27987696963
27987696385
27987695739
27919451021
27916979490
27900867149
27917447139
27919390867
27901065265
27862736690
27766259914
27853632212
27862332689
27871226651
27871226661
27871226673
27917301633
27918233809
27914782594
27900794266
27863526672
27921208741
27920102157
27900692406
27863702577
27920050776
27915705287
18460632917
27885641509
27900867196
27862722044
27921450582
27914263940
27918013053
27918223460
27648336108
26971108705
27919339165
27892581735
27884337150
27917041001
27915014371
27915055555
27915103720
27915124389
27915165777
27915360315
27915853727
27915853737
27915853743
27915867864
27915880293
27916250287
27916358826
27916460232
27917812565
27917307173
27917017390
26514585564
27910454507
27912544555
27910465441
27909675969
27904612743
27895339365
25644017726
27889650516
27886081341
26425883741
26425883731
26711244164
27994984287
26638992499
27071626201
27071619691
26830931930
26851317522
26872048531
26878692584
27912929621
27911000728
27898342395
27912280028
27886107622
26746275241
25609997929
27910697523
27912158014
27912454851
27913730337
27900034275
27892514981
27885983265
27911102719
27914553076
27911562519
27912280049
27897020720
26746285144
26746284391
27380110199
27380109387
25816613246
25816590638
25538013330
27910955267
27898744915
27908266642
27885174705
27713071786
27837245783
27829630011
27803351706
27862332795
27871226646
27912760233
27910832428
27899104293
27884294488
27917063679
27917072247
27917075501
27917051209
27917051538
27892758837
27892758765
27892758782
27892758798
27892758806
27892758832
27892758844
27892758893
27892758855
27892758872
27892758876
27892758886
27892758900
27892758904
27892758920
27892758926
27892758936
27892758939
27911835618
27914324204
27899181874
27885209556
27908281618
27886170930
27917086185
27917086043
27917086188
27914738026
27917931080
27915930086
27915946444
27916653215
27915398950
27916290407
27916392811
27916394275
27916445856
27916514387
27916487536
27916474307
27917141129
27917307037
27917515812
27917525207
27917526759
27919622081
27905016281
27905160022
27915195140
27915195137
27915195131
27915195128
27906437200
27913811798
27914033019
27914274056
27914814581
27914863118
27915462316
27915522421
27917663995
27921228165
27921838059
27906055668
27896829669
27900459106
27900711413
27904647976
27917344384
27917331394
27917344659
27917344650
27917344695
27917344689
27917329020
27917344678
27917344684
27904782463
27917387946
27888403658
27915769154
27915769391
27915841233
27915841455
27915841602
27916222599
27916665597
27916922388
27917036124
27917107690
27917185613
27917201671
27918542760
27918817133
27889126643
27889681766
27917733704
27917745750
27917838693
27918189114
27918653601
27919142046
27919381771
27920079424
27920298491
27920662587
27920703320
27920806284
27921046811
27921746879
27921819941
27913810876
27913822794
27913816471
27913615778
27913431877
27912620341
27913829438
27913153118
27913524463
27913803866
27913810774
27913080277
27913796352
27912918529
27913829601
27913822720
27913810778
27878669162
27888846444
27883533728
27885657728
27887905364
27889035002
27888823327
27888777372
27888790389
27888706455
27881176589
27913371450
27889003278
27806867760
27879889252
27879222661
27877334622
27877499449
27877334576
27877299449
27875678700
27870616864
27790698852
27880465528
27913993262
27913940820
27913920373
27784986818
27915250694
27916034100
27916264569
27916371895
27916438128
27916460441
27916667402
27916667412
27916735956
27916781698
27917006189
27917045803
27917542159
27917542330
27917613012
27917710567
27919855704
27784150589
27913985902
27913985351
27913984982
27913984586
27782593944
27782666935
27744829196
27894877302
27917431869
25598799430
27919770515
27917783829
27917782810
27917782234
27913972536
27744805733
27112462464
27716728060
27912189937
27918069338
27920161001
27917538764
27917538759
27917538755
27917443150
27919613577
27919614757
27919615048
27919615265
27919615560
27919771017
27916588612
27915057422
27915145348
27915206864
27915207032
27915207035
27915411732
27915422882
27916358135
27916358279
27916372080
27916949238
27917033652
27917225304
27917330142
27917613231
27918272620
27919786223
27919873782
27919968909
27916195948
27916073172
27918005528
27916344595
27916301159
